54 73 61 37 12 13 0 65 88 5 17 93 54 26 78 90 64 14 2 86 
88 48 24 60 26 68 0 64 74 63 97 2 78 42 76 1 17 0 7 46 
85 38 27 41 80 36 99 96 46 89 88 99 54 71 26 10 57 48 49 90 
82 88 69 72 54 67 17 88 13 12 90 7 84 4 27 84 1 12 4 70 
90 11 89 23 88 92 72 29 79 11 60 78 43 33 81 60 93 0 14 9 
96 64 41 96 73 33 26 89 77 64 16 5 99 72 24 92 8 30 81 81 
43 54 88 49 69 92 27 33 67 56 43 82 3 3 60 18 36 31 74 3 
91 95 82 79 64 62 14 13 52 13 50 29 96 89 65 1 97 2 48 57 
80 46 55 11 1 80 84 72 79 20 76 10 62 24 68 22 4 59 48 8 
87 88 59 86 70 22 34 17 71 3 79 99 86 56 77 62 9 89 46 21 
