1.589424
-0.448314
-1.306950
-0.262753
0.598576
-1.204227
-1.566739
1.497491
1.145760
-1.175921
0.613368
-0.413869
1.180079
-0.732650
0.706890
-0.706433
-1.340117
1.200607
-1.639658
-0.453606
-1.012701
-0.592188
-1.061654
0.446791
0.634121
-0.699050
-0.536099
0.893898
0.641526
-0.253920
-1.193373
1.285236
-1.589166
-1.145047
1.614360
-0.536117
-0.524530
-0.327256
1.036488
1.287753
-1.022462
1.292823
-1.523368
1.350960
-1.102172
-0.374454
1.200618
-1.245234
0.003680
0.284233
1.540591
0.247481
1.323866
1.858274
0.276418
-1.387724
0.314465
-1.337384
1.210340
-0.950119
-0.318390
1.558343
0.628139
0.686475
1.126555
-0.756854
0.295453
0.241038
1.456770
0.940348
0.450040
-0.493964
0.977428
0.340170
-0.383764
1.385717
-1.224020
1.411377
-0.379809
0.655502
-0.707615
1.632314
1.223854
1.469196
-0.110223
0.296985
0.663760
0.670263
0.340262
1.673426
0.075795
-1.338242
0.851726
-0.791804
1.957922
0.880525
-1.624855
1.874204
0.636343
-0.572245
-0.066424
1.526616
-0.984777
0.955787
-0.550862
1.386904
0.353614
-0.424779
-0.653961
1.370888
0.628942
-1.029242
1.804242
1.103352
-0.887020
-1.259514
-1.439138
-1.165284
0.425754
0.106025
-0.468777
0.985518
1.279612
1.219688
0.439487
-0.924221
1.500044
0.364907
-0.258885
0.141523
0.864259
1.305525
0.645242
1.172091
1.716436
-0.709338
-0.563143
1.225971
-1.245155
1.181487
0.247067
0.103626
-0.838449
1.770818
-1.219420
-0.768291
1.304056
0.146577
-1.664940
1.003966
0.929092
0.430801
1.683313
-0.412084
0.690527
0.204252
-0.310698
-0.152602
1.645235
-0.469370
-0.419939
-0.752278
-1.514881
-1.919469
-1.262928
-0.240417
1.629839
-0.167030
0.354596
-1.839789
-0.892954
-1.110350
1.599573
1.673144
0.288036
0.696113
1.310049
1.093309
1.211758
-1.017468
-0.822480
-0.224373
0.578451
1.254678
1.014026
0.484324
-0.610441
0.550849
0.043761
0.576547
1.542154
-0.397086
-0.802520
0.839755
-0.009348
1.631688
-0.397359
-0.681984
-1.868696
0.102342
-0.891502
-1.420552
1.178629
0.507983
-1.521953
-0.619787
0.151690
-0.713748
1.216940
-1.281402
-1.055495
-1.228215
-1.313304
1.373128
0.977831
-0.359731
0.093377
-0.274914
1.131097
0.172820
-1.260855
-0.738010
0.436258
-1.599765
1.763588
-0.476873
-1.182809
1.536325
-1.313685
-1.293260
-1.417748
-1.392598
-0.497690
-1.720978
1.043396
0.757176
-1.113747
-0.186786
-0.125674
-0.380509
-0.891568
1.152471
0.440597
1.131431
-1.060565
0.256753
0.379153
-0.962264
0.632924
0.413789
1.722208
1.161262
0.931175
-0.905453
-0.616512
0.157184
-1.330612
1.247814
-0.684242
-0.512444
-0.112879
1.263759
-1.024396
-0.294373
0.882115
1.658456
0.733511
0.331589
-0.085930
0.218637
-2.252427
0.696404
1.132272
-1.582766
-1.334227
-1.023247
1.463872
-1.073037
1.750497
0.342904
0.251169
-0.512790
-0.468211
-0.511275
0.930231
1.446228
1.863121
-0.450721
1.192161
0.984489
-1.088534
-0.039549
0.454589
-0.987245
1.245839
0.974150
0.941071
1.180759
0.464311
-0.942705
0.624804
0.048014
-1.512573
-2.005177
1.136973
0.765221
-0.794191
0.176408
0.468909
-0.314518
0.031029
0.192436
-1.516925
0.874939
0.640425
-1.931974
-0.927804
0.002439
-0.883086
-0.505835
-1.748137
-0.406548
1.646441
-1.422423
-1.449354
-0.174649
-1.949424
1.736633
-1.112980
1.015650
-1.482986
1.051872
1.404711
0.743900
-1.686847
-0.161000
0.718589
1.242923
0.676280
-0.747660
0.763043
1.183655
-1.425777
-0.976421
-1.360362
0.930480
-1.862759
1.746696
0.494619
-1.283488
-1.083669
-0.096615
0.061496
0.859990
1.333106
-0.645527
1.664804
0.915500
-1.253156
1.308723
0.384965
1.471643
1.267855
-0.807294
-1.449085
-0.882155
1.030662
-0.014850
1.326606
-2.076804
-1.875282
-0.649501
-0.397724
-0.714630
0.426830
-0.873176
-0.559881
1.225468
-1.155927
-0.862770
1.198543
0.320176
0.579457
0.008410
-0.622443
-0.129762
0.629259
-1.482048
-0.484320
0.344702
-1.438885
-0.631182
1.478812
-0.786472
-0.359375
-0.252583
-0.003686
0.495633
0.028540
-0.486560
-0.319921
-0.217930
-0.171035
0.077004
0.188209
-0.242108
1.015938
-0.771318
-0.427476
-0.050073
1.064070
-0.448976
1.038859
1.512542
1.547489
0.403589
-2.114028
-0.376358
-0.639548
-0.019223
-0.898031
0.882791
-0.430511
0.524285
0.875242
-1.316266
1.041823
-0.954084
0.913204
-1.032927
-0.067380
-1.443208
1.282022
-1.375085
-0.686358
-0.759223
-1.428303
1.314213
-0.471349
-1.065476
1.634955
-0.397812
-0.148499
1.504984
0.427858
0.478144
1.959037
0.990220
-0.031124
-0.756532
1.580392
-0.594803
-0.807353
0.812489
-1.042208
-1.368957
0.827808
1.492219
1.160350
0.722623
-0.396581
1.297314
1.291025
0.235919
0.052352
0.276547
1.095932
0.440900
0.880398
1.352958
0.799322
-0.521146
-0.017509
-0.239573
-0.027945
-0.354343
-1.074155
-0.967165
0.661542
1.649729
0.725792
-1.289930
0.714933
0.151528
0.927385
0.472841
0.569819
-1.185021
1.574240
-1.211006
-0.228001
-0.452199
-0.841216
1.138709
-1.660013
0.155274
0.835157
0.568660
-1.361819
0.320330
-0.384521
1.119699
1.629593
-2.243505
-1.826405
-1.578455
1.655124
-1.970195
-1.533030
-0.175177
-0.082967
-1.012591
-1.708373
1.536573
0.221049
-0.489324
1.073520
1.354221
-1.053693
0.514553
-0.268725
0.172567
-1.645264
-1.537613
0.732737
0.286169
1.800394
-0.728786
-0.964959
0.710863
-1.116118
-1.446190
0.294181
0.651767
1.702675
-1.199963
-0.666492
1.296593
-1.364550
-0.097420
-0.359403
-0.603094
-1.640419
0.829396
0.268389
0.777792
-0.318511
-0.214055
0.967005
0.610306
-0.795111
-1.498323
1.794963
-0.916784
-1.226722
-0.944075
0.280739
-1.980164
1.034022
0.045546
-0.433364
-0.206898
-0.676175
-1.398772
0.916321
-0.374788
1.506223
1.207877
0.597693
-1.270744
0.299273
-1.889015
-0.997091
0.550222
-1.873107
1.054921
0.279823
0.932032
-0.496844
-0.797791
1.195018
0.473063
-1.783667
-0.583744
0.260675
0.738509
-1.688479
-1.265721
-1.019516
-1.291733
-1.413368
-0.926368
-1.148740
-0.933107
-0.162137
-1.258069
1.758125
-0.593181
1.317045
-0.262614
-1.801886
0.081452
-1.209170
0.087878
-0.271774
1.047474
-1.383681
1.569836
-0.771639
-0.370267
0.493949
0.976266
-1.599568
-0.667098
0.956372
-1.917741
-0.331082
0.512666
-1.490113
0.348497
0.430912
0.960508
1.572824
-1.671222
0.787891
1.768871
-0.105741
1.054964
-0.747490
1.475559
-1.405961
-2.005065
-0.676374
-1.229677
0.795524
0.586200
0.259423
1.440843
1.337713
-1.048162
-1.487592
-0.954728
-0.434239
0.599870
-0.013961
0.689229
0.875902
-1.294342
1.134561
0.016474
0.036699
-1.269359
-0.871026
-0.463115
-0.560030
-1.611018
-0.890967
1.740756
0.683115
1.073624
1.280451
-0.873698
0.271213
-0.497728
2.082876
0.218757
1.624065
-0.810328
0.177597
-0.461269
0.188316
0.136515
0.318155
-1.683285
1.335687
-0.648584
-2.010073
-1.352507
-1.707285
-1.484801
1.299424
-2.149889
-1.559582
-0.834464
-0.305409
-0.951561
-0.662141
-1.115396
0.525444
1.637100
0.846034
0.470416
-0.713967
0.528822
-0.749385
1.309346
1.254669
0.133166
0.044929
0.855149
1.597634
0.742651
-0.936391
-1.230216
-1.755882
-1.250990
0.783483
-0.899713
0.855199
-1.197153
-2.017684
0.418620
0.470191
0.129631
0.128973
-0.733075
0.072108
-0.514743
0.314250
0.781158
0.537673
1.827389
-0.507294
-1.388266
0.017697
-0.282736
-0.606842
-1.577983
0.238532
-0.825821
0.285802
-1.443313
-0.274398
-0.087522
1.388817
-0.471517
1.613340
-1.465483
-1.621848
-1.246720
0.246515
1.713023
1.244247
1.084138
0.889817
0.375509
0.976435
0.552855
1.270751
-1.727592
-0.593167
-1.471344
-0.653490
-1.312649
-0.662131
0.029786
0.151108
0.143476
0.373876
0.691273
0.441446
-0.482020
1.663310
1.066356
0.976376
0.408063
-1.750676
1.335347
-0.624799
-1.416553
-0.315729
-0.848967
-0.047455
1.431319
2.091862
0.912502
1.186861
1.697463
-0.626996
0.068865
0.603212
0.599816
0.703641
-0.174938
0.415558
-1.010011
0.350661
1.050132
1.583236
-0.360404
-0.488589
0.876834
-0.295446
-0.503469
-1.026378
-0.567592
1.490674
-0.759282
-1.352060
-0.696785
-1.573303
-1.696310
-0.603262
-0.602317
-0.404772
-0.166815
-1.026160
-1.732997
-1.816438
-0.569461
0.361658
1.324242
0.628380
-1.159712
0.429370
1.716234
-0.224016
1.190939
0.565331
-0.447059
1.128475
-1.306821
-1.414388
1.490122
1.331923
-0.593537
1.403621
1.491706
-0.954828
-0.879834
-1.261291
0.248661
0.021312
0.439703
-1.293832
-0.451458
-1.087869
-0.066059
1.129501
0.049130
-1.292695
-0.274256
0.521693
0.794726
0.904855
0.004217
0.358211
0.749021
1.044956
-1.623004
-0.181876
0.602344
-1.001471
-0.504019
0.999220
1.157948
1.006784
-0.725925
0.282890
0.418438
1.549530
1.297102
0.203097
0.371145
-0.894796
0.906898
0.800924
0.297138
0.537687
1.304091
1.684297
0.440710
-1.807047
-1.554188
0.157033
1.243161
0.104425
1.349464
1.491928
-1.182076
1.580572
1.458582
0.100211
0.349632
1.636353
-1.091439
0.286170
-0.585114
-1.374907
-1.033110
-1.396480
0.901414
-1.267550
0.986901
0.459507
0.230071
-0.305670
0.639949
-0.192889
-0.780375
-0.166868
-0.651640
-0.612658
0.674256
1.258232
-1.523802
0.899543
1.639926
1.027997
0.585938
-1.511943
2.402629
-0.019610
-0.182163
2.069609
0.353437
-1.492163
-1.651894
-0.649827
-1.361149
-1.705455
-1.775711
0.043164
0.468602
0.717204
1.081694
-0.958277
1.511281
0.310559
1.009796
0.710406
-0.038607
-0.285088
-0.268456
-0.739768
-0.776526
1.361381
0.867854
-0.137937
1.180690
-0.616365
-0.925635
-1.729615
0.530585
-0.063391
0.872853
0.694964
-0.161466
0.188137
-1.592486
-0.928186
-0.555878
-1.022691
1.070353
-0.461687
0.234626
0.452497
1.177449
-0.943241
0.754453
1.820402
0.701163
0.827054
0.051394
0.813797
0.756914
-1.044579
1.526725
1.053382
1.405679
-1.741358
0.202845
1.283859
-0.727353
-0.911472
-0.536306
-1.169177
-1.464870
0.038712
0.855598
1.296152
-0.174975
-1.416235
0.339889
1.526875
-1.351634
-0.920046
-0.376495
-1.076029
1.200392
0.564959
0.698189
1.101381
-0.016238
0.215415
0.102960
-0.538317
0.373531
-0.797282
0.285743
-1.245166
1.487805
-0.545907
-1.409700
0.512793
-1.229468
-1.021403
0.871441
0.332797
-0.351118
1.760077
-1.269676
-0.995394
0.473793
-1.520930
-0.571085
-0.388360
1.310315
-0.652826
-0.785553
-0.012462
0.748379
0.934814
1.308928
1.476303
0.185434
-0.607414
0.435011
-1.759206
1.414351
0.826869
0.813383
-1.232550
0.195778
-0.343001
-1.481888
1.324982
0.011845
-1.012040
-1.424340
0.560458
-1.135393
-0.762537
1.945597
1.046442
-0.747267
0.400907
-0.059079
1.327298
1.413982
-1.562378
-0.656053
-0.840429
0.897271
-0.324440
-1.388758
0.834760
1.601391
1.080703
-0.047022
0.520321
0.639735
1.469211
-0.564963
0.435685
0.179841
0.489705
1.332465
1.369004
-1.225217
-1.350764
-1.315854
1.151154
-1.311372
1.190717
-0.885326
-0.838298
-1.427673
1.462168
-0.525695
0.212372
0.594626
0.259619
0.895028
1.001351
-1.847384
-1.659895
-0.480842
-0.917366
-1.216889
0.608941
-0.158320
1.253918
1.907556
0.368538
-0.666651
-0.182053
2.259434
0.240538
-0.440848
0.585844
1.195023
1.067140
-1.090723
-0.796240
-1.257856
0.488740
0.385434
0.219965
-1.253225
1.794872
-0.432728
1.343104
0.778579
1.365386
-1.265374
-1.403917
0.982853
-0.829222
-1.736682
-1.260786
-0.650170
1.344544
0.339181
-0.867387
1.786993
-1.236082
0.990384
0.472945
0.393663
0.167053
0.965522
0.670460
0.761939
-0.833415
-0.732993
1.452100
1.764074
-1.172221
-0.446787
0.373991
1.567102
-0.816516
0.938831
-0.108344
1.818293
-0.704696
1.228272
-1.042596
0.322964
1.722530
1.303806
0.428620
1.593492
0.049646
1.504913
-1.032866
0.674555
0.550527
1.429604
0.706143
-0.415539
-0.290680
-0.714270
1.438934
0.004923
-0.725946
1.855135
1.537995
-0.590421
-0.729668
1.216729
0.876296
-0.623999
-0.403325
0.785240
-0.378174
-0.925253
-0.431602
0.771626
0.523187
0.631528
-1.266657
0.308529
-1.552410
-0.928691
1.515107
0.777997
0.695402
0.064312
0.923199
-1.015503
1.624119
1.111344
-0.423509
1.454293
-1.188325
0.600715
0.325661
-0.121984
0.067909
-1.310900
0.547039
0.863296
-0.505141
-1.388560
0.729169
1.951708
1.035637
-0.382980
-1.357628
-1.615062
-0.486218
0.360636
0.660928
-0.040972
-1.535601
-0.643708
-1.796640
-0.437483
-1.364017
0.395861
-0.145645
-0.066400
-0.515841
-1.686872
1.224415
0.532855
-1.197165
0.701815
1.282030
1.417531
1.138631
0.136996
-1.446939
-0.970554
-1.550718
0.708362
-1.693787
0.721213
0.429917
-0.038263
-0.272299
1.501808
-0.693595
-0.868558
-1.466730
1.509281
1.518477
-1.042781
0.294217
0.988835
0.682615
0.096224
1.115792
1.505176
1.262719
-0.138571
0.417731
-1.212593
0.369257
0.318716
-0.337247
-0.140176
0.271249
1.494008
-1.275773
1.386211
-0.440491
1.165711
1.122773
0.117537
-0.637954
0.203459
-1.629307
-1.195447
1.655926
-1.118206
-2.026581
0.840395
0.809739
-0.624762
-0.751594
0.780175
-0.227243
0.135176
1.129191
0.755256
1.718292
-0.498533
-0.051067
-0.906794
-0.105855
0.616716
-0.215443
0.884827
-0.273416
0.284182
-1.499662
1.085365
-1.982734
0.396657
1.460138
0.428663
0.715426
0.497121
-1.052238
0.460725
2.020630
-0.284534
0.146746
-1.107827
1.431595
-0.681551
0.588123
-0.151457
0.665847
1.143845
-0.585526
-1.243309
-2.141418
-0.653889
-1.281419
-0.876713
-0.767880
0.148964
-1.749442
0.427840
0.690089
1.693009
1.335665
-1.206625
0.480865
-1.215314
1.509114
0.023156
0.247560
-0.351467
1.560893
0.347126
0.722623
-0.609371
-0.924886
-0.372991
-0.257330
1.599608
-1.521378
-0.423387
-0.903445
-0.793053
1.255821
0.985518
-1.471346
-1.422857
-0.792198
-1.477577
-1.584930
0.552444
-0.745086
-0.257526
-1.193155
0.450489
1.589604
-1.717011
-1.250190
1.411479
0.007930
-1.258770
-0.069239
-1.791993
0.384214
-1.538486
-0.860366
-0.876391
-1.731642
-0.508298
-0.015713
0.616611
-0.872461
-1.202161
-0.402294
-0.054021
-0.136008
-0.853272
0.785618
0.066957
-1.270637
-1.842568
0.420066
0.315596
-1.217097
0.296192
-0.067113
-0.468388
-1.129765
0.989400
0.288572
-1.970170
0.833362
-1.181203
0.249384
-0.953987
0.240208
-1.319383
-1.426013
-0.220936
-1.488835
1.398536
-0.912582
1.425845
1.723186
0.741857
0.416873
1.364861
0.971275
0.057456
-1.311376
1.503516
0.935452
-0.822543
-1.200861
0.210571
0.927239
0.477183
0.380628
1.558682
1.249129
-1.741039
-0.784593
0.058761
0.390794
-1.475512
-0.280570
0.929069
-1.283657
-0.062513
-0.119996
-1.218354
0.570529
1.346326
1.450649
1.820618
0.693672
-1.147110
1.137328
0.771115
-0.736625
1.283527
-1.508456
-1.226152
-1.066339
1.026050
1.283234
1.862627
-1.477244
-0.710009
0.543764
-1.531997
0.916047
-1.320692
1.100141
-0.035295
-1.446810
0.775604
-1.353197
0.184532
0.401131
0.354732
-0.494705
1.375485
0.534276
0.838011
1.485800
-1.651668
0.427474
-0.265967
1.275753
-0.910576
-1.568359
0.308126
-1.252441
0.599953
1.298434
-0.076522
0.783143
-0.657225
0.496983
0.815488
0.512283
-1.220038
-1.337567
-1.776696
0.573195
1.201633
-1.802294
-0.616133
-0.325467
0.127081
-0.423260
-1.195747
-0.389483
-1.411646
1.247219
0.026154
-0.757951
1.793916
1.166264
0.246741
-0.700153
0.959373
1.113926
-1.254592
-0.252563
1.656402
-0.374557
1.997711
-0.374157
-1.008136
-0.575478
-0.675218
0.207854
0.826142
-0.391374
-0.230556
-2.067514
-1.008450
-0.585805
-1.314773
0.446125
-0.836700
-0.066211
-1.044652
-1.192740
-1.389014
0.069630
-0.736512
-0.104774
-1.249704
-0.371956
1.722214
-0.096263
0.389539
0.623593
0.634267
1.152447
-0.360758
-1.083265
-0.716604
0.244805
0.259375
-1.262887
-0.209584
0.759599
1.282763
0.316851
1.814333
-0.014646
0.804088
1.494176
1.113386
-1.286354
-1.094190
-1.520906
-1.541774
1.449546
1.245234
0.295139
-0.833310
2.171739
0.286766
1.309256
-1.426584
1.453104
-1.221914
0.057370
1.906164
1.584880
0.042823
0.533030
0.412025
1.821886
-0.860760
2.098433
-1.151741
0.520446
1.054729
-0.649328
1.859654
-0.665765
-1.320197
0.238059
1.690888
-1.360866
-1.704280
1.552479
0.801652
-1.357356
-0.067688
1.185904
0.728485
0.816317
0.496508
1.748585
0.694030
0.686778
-0.224955
-0.448488
-0.826717
0.390744
-1.116035
0.120300
-1.303114
-1.595178
0.420968
-1.277546
-0.935248
1.880815
-0.376338
-0.797118
0.810364
1.298129
0.424475
-0.143877
1.322922
0.217903
-0.864985
1.234602
0.779825
-1.025664
-1.103986
-1.474419
-1.394076
-0.863262
-0.984560
0.032642
-0.615914
-1.036451
-0.416991
-1.317478
1.300992
1.285724
-0.041901
0.639253
1.403499
1.268031
-1.524094
1.022796
1.032479
0.349894
-0.459158
0.641889
0.224705
0.736868
-1.057461
1.510682
-0.185792
-1.685489
-0.192155
-1.914668
-0.035407
0.425554
-1.340667
-0.871748
-1.573144
-1.637871
0.376868
0.705761
1.402321
-0.304719
0.661793
0.866050
0.746744
-0.113355
-0.600606
-0.508004
1.398735
-0.952697
-0.111444
0.957896
1.537713
1.438252
1.014660
-1.247828
-1.456797
0.699584
-0.204845
-1.936625
-1.639535
0.378285
0.405223
-0.762764
-0.438768
-1.274192
-0.809895
0.669843
-0.654984
1.516172
1.158644
0.410488
-1.037656
-1.477062
-1.097914
-1.060398
-0.656273
1.396587
0.304434
-0.808320
-1.727018
-0.862393
0.056198
0.504133
-0.220042
1.540294
-0.440908
-0.801730
-1.609914
-0.456340
0.185202
-0.071288
-1.599213
0.363247
-1.036493
0.194315
-0.742469
-0.403379
-1.420002
-1.145848
1.249092
1.272480
-0.840545
0.645874
1.123406
0.776045
-2.026671
-0.581411
0.088499
-0.201099
1.779310
0.782511
0.454092
-0.492372
-0.735782
-0.035768
1.265459
-1.489085
0.101638
0.281348
-1.504132
-0.096868
-0.972169
0.618601
1.446227
0.663050
-1.023224
-1.738066
1.545737
-0.155639
-0.013471
-0.779321
0.146413
-1.018606
0.342980
0.504844
0.427523
1.264144
-0.102283
-1.719732
-0.078905
1.258509
-0.296088
-0.298367
-0.812739
0.829321
1.977383
-1.902142
0.770508
0.086923
-0.480318
-1.287179
-0.320828
1.623897
0.204630
1.324494
-0.296914
-0.243691
0.901557
-1.867257
0.860896
-0.819290
1.306838
-1.365623
1.246062
1.081403
0.084232
-1.656114
1.806985
0.442552
-1.458207
-1.637197
1.678622
-1.796941
1.082248
1.385337
-0.096847
-0.499267
0.073313
0.728815
0.497406
-0.406074
0.379141
0.217893
-0.623063
-0.715637
-0.089845
1.637334
-0.463924
-1.521641
-0.585453
0.820927
-1.478596
-0.852879
0.167210
-0.002802
1.359453
0.228057
-0.885627
-0.072895
0.970470
0.869201
0.038021
-0.960500
-0.555903
-0.164571
0.382545
-1.403224
-0.523511
-0.172887
-0.738856
-0.275258
-0.576751
0.934474
-0.372616
-1.250979
0.330529
0.422331
-0.939954
-0.879633
-1.451089
1.644196
-1.070482
-0.777534
0.837664
1.777643
1.833459
0.378453
0.701179
-0.804274
-0.584707
-0.034566
1.320587
0.841409
-1.113157
1.453441
0.240832
-1.262682
0.714289
-1.000885
1.138542
-1.577546
-0.889541
1.642222
0.806291
0.690307
-1.325519
1.019962
0.160414
0.944268
0.751140
-0.954008
0.419577
-0.816329
1.356280
1.452926
-0.344346
-0.654215
1.341332
-0.388979
1.442319
1.224941
0.409740
1.906077
-1.551364
1.132576
0.757826
0.538008
1.520970
-0.038299
1.737020
-0.989802
1.137608
1.698440
0.699259
-1.379051
0.824887
0.779906
0.403467
1.243541
1.235269
0.104738
-1.327735
-1.524518
-0.414393
0.856826
0.930320
-0.252555
0.563151
1.330316
-1.043052
-0.262110
-0.267506
-0.181150
-1.382446
1.683572
-1.628551
1.309898
1.023292
1.381116
1.683897
-1.211987
-1.122680
-0.028683
-0.845206
0.865927
-1.548136
-1.609094
-0.913326
1.184419
0.178695
1.752308
0.363303
-1.636462
-1.269195
0.435491
-0.407724
1.432277
-0.763088
0.044797
-1.316200
1.563778
-0.839861
0.316298
1.215111
1.684458
-0.933490
0.476767
0.626028
0.373917
-0.750269
0.760037
1.245787
-0.368488
1.175973
-1.295306
1.014500
0.065769
1.664031
-1.793738
-1.287007
-0.725949
1.890763
-0.403300
0.971492
-0.798831
0.791047
1.149910
-1.178521
0.090406
-0.557468
-0.606451
-0.018768
-0.456583
0.953830
-0.834053
-0.512080
0.316744
-1.360366
-0.973104
-0.992216
1.377920
1.146569
-0.551993
0.569123
-0.782783
-1.695746
0.766026
0.982680
-0.854606
0.955363
-1.094395
-0.671282
-1.085457
0.166219
0.160956
-0.062227
0.383693
0.981610
1.282517
-1.524673
-1.619335
0.334710
1.014497
-1.789970
-0.958054
-1.542070
0.497071
-0.025246
0.445439
-0.479039
-1.970037
2.295478
1.193452
-1.444544
-1.868958
-1.022795
-1.277496
-0.106166
-1.105697
0.532730
-0.258171
0.342827
-1.553220
0.664395
0.474303
1.371709
-0.004475
-1.787957
-1.611213
0.319441
1.098657
-1.713865
0.430682
0.602536
0.039254
-0.666561
0.546639
-0.845439
0.793639
0.013666
0.682466
0.250464
-0.640614
0.827670
-0.024063
-0.135334
0.418162
-1.565419
-1.030535
0.418782
0.029299
-0.465666
-1.171104
-0.877775
-1.354957
-0.695701
-1.185027
-1.070210
-0.997816
-0.717214
-0.770543
-1.748339
0.305667
-1.306173
-0.773873
0.593306
0.043181
1.356721
1.803866
0.740281
1.064625
0.607623
-0.997294
-0.121018
-1.374759
-1.928217
-0.544015
-0.080761
-0.716884
-1.069923
0.400977
0.193637
1.196630
-0.498674
-1.666582
1.210892
1.614342
1.428941
-1.989381
-1.444301
0.666840
0.845991
0.364261
-0.268861
-1.020266
-0.469541
1.582763
-0.697391
2.048763
0.810337
1.894323
-0.915217
1.005285
0.277464
-0.598681
-0.630533
-0.153806
-1.453295
0.283657
0.842158
-0.325027
-1.063049
-0.719933
-0.181497
0.403502
0.567604
0.685747
-1.393282
1.358785
1.305065
1.057577
-1.546349
-0.042039
-1.143457
1.517999
1.431724
-1.644476
-0.489906
-0.739005
1.142967
-1.628938
0.411505
0.361339
-0.130768
0.264262
-1.283030
-1.694501
-2.007877
0.885074
-1.557612
-1.045823
-1.099132
-0.473876
1.279350
-0.645350
0.540994
-1.250790
-1.704798
-1.465392
0.189491
0.230141
0.734785
-0.614347
-0.175717
0.052483
-0.052695
1.044030
-0.062127
-0.114063
0.940358
-1.657259
-0.852953
-1.224487
1.940855
-0.369399
0.568197
-0.878020
-0.357690
0.998810
-0.999404
-0.164825
-0.514473
-0.189252
0.629947
0.097434
-0.400367
-1.518961
0.620990
0.406905
1.931337
0.093291
1.266567
-1.296858
0.295230
0.773547
0.159380
0.320870
0.618572
-1.272125
0.013055
-1.031321
-0.366290
-0.503338
0.449486
0.865270
-0.563947
0.562686
0.586896
1.760150
-0.255984
-1.382669
-1.617622
-0.795608
1.152337
-1.032440
0.742568
-0.359786
-0.566624
-1.502109
0.376733
-1.054339
-1.970152
-0.568595
-0.596177
-0.758847
-1.387878
0.695758
0.986209
0.739227
0.057813
0.069396
-1.299762
0.059818
-0.751820
1.198529
-0.178685
-1.240211
-1.075897
-0.794627
-1.954616
-1.461357
-0.193460
-0.610374
0.978648
-1.128245
0.447666
1.020577
-1.976830
-1.147938
1.868405
-1.945234
-1.129666
0.181438
-1.464490
1.716734
1.923083
0.042559
-1.266393
1.285837
1.034700
1.175571
-0.513305
-1.051496
0.687929
0.320637
-0.308199
0.835153
-0.404230
-0.819225
0.565352
0.100583
-0.745778
-0.387419
-1.284399
-1.260842
0.212326
0.075335
1.259267
-0.669874
-1.631345
0.330805
1.111908
0.814988
1.703319
-1.338327
-0.799369
0.009667
0.594758
0.816052
-1.132517
1.192363
-0.079591
-0.890434
-0.899794
-0.511279
-1.194147
-0.836422
0.578817
-1.048515
0.347698
1.229899
-0.956452
-1.744790
0.976862
-1.225191
0.321981
1.604036
-0.538966
0.687565
-0.923117
0.970836
1.362875
-0.641096
0.392992
-0.562299
-1.257439
-1.346100
-1.269788
0.755113
-1.903960
1.660931
-0.531581
-1.450276
-1.643994
0.138571
0.268116
0.907423
-1.290052
0.136589
0.292192
-0.021015
-1.221489
-0.753261
0.136952
0.337338
1.656521
-0.702544
1.269720
-0.427186
-1.103428
1.232642
-1.261214
-1.179262
1.224549
-0.491697
1.633946
-0.670276
-0.521264
-0.433395
-1.082126
1.057877
0.036696
0.105903
0.790814
-0.808533
1.115947
1.185138
0.458563
0.162439
-1.395169
1.192735
-1.887663
-0.896971
0.263568
0.723524
-1.366320
-0.592567
-0.093055
-0.327362
-1.396814
-1.238001
0.667616
-1.815744
-1.415161
-0.918735
0.221650
1.118458
0.082448
0.124180
1.528391
-0.021957
-0.825569
-2.059948
-2.148929
1.068434
0.743385
0.203538
-1.822903
0.232174
1.121683
-1.115841
0.193960
-1.280239
1.015056
-0.320197
0.455991
0.950970
-1.216172
0.139167
0.891413
0.663891
1.449000
1.073330
-0.293435
0.654826
1.076108
0.284409
0.274869
-0.405600
0.685431
-0.101677
-0.786461
1.160586
-1.558754
-1.347234
-0.833965
0.587829
-0.161481
1.222394
-0.013614
-0.915394
-1.527371
-0.753670
-0.797597
-1.902231
-0.190570
1.488135
-1.112010
1.011101
-0.308457
1.928612
-0.155895
-0.371953
-1.700831
-1.505638
0.044972
-0.812694
0.301657
-0.242183
0.277489
1.191626
0.931900
1.283071
-1.171321
0.741418
0.843794
-0.657354
-0.009467
-0.243409
1.475803
-1.577381
-1.115048
1.059406
0.043032
1.111522
1.728031
0.726855
1.320590
-1.192497
1.691218
1.579951
-0.989692
1.104633
-0.390987
-0.642954
-0.159191
1.858043
0.140459
1.124989
-0.023754
0.371469
1.454157
1.614298
0.008343
-0.161685
0.701704
-0.343506
-0.182814
-0.519988
-1.161909
0.905457
0.462549
-0.879955
1.047312
1.538136
-0.489817
-1.484601
0.488459
1.241305
-1.141179
0.341102
1.013158
0.912048
1.282272
0.954188
1.371095
0.961051
0.986348
0.060295
-0.682422
1.310560
0.308455
1.653814
1.324005
-1.296756
-1.077036
1.775623
1.638358
1.031566
1.073112
1.887050
-0.414668
-1.119928
1.791256
-0.067438
-0.621489
-1.700249
-0.600236
0.710997
-1.130396
1.307023
0.058553
0.428482
-0.534283
-1.098488
-1.469036
-1.862690
-0.277110
-0.075706
-0.631728
0.655502
-1.666403
0.333410
1.220997
-0.662139
-1.233402
-1.944232
0.381577
0.907687
-0.417171
1.555571
1.041651
1.775216
-0.341310
-1.289729
-0.219280
-0.007704
-1.623113
-0.421847
-0.582567
1.560840
-1.636023
1.005686
1.251217
-0.503318
0.766854
1.161581
0.606122
0.251975
0.769158
0.900352
0.619453
-0.487085
0.033667
-0.711186
-0.041842
-1.251705
-0.227492
-1.389807
1.320177
-1.704156
-0.524480
0.895035
-0.479093
-0.709968
-1.221447
1.946293
-0.388138
-0.163656
-0.453006
-1.089464
1.051653
1.521428
1.231726
1.924484
-0.810538
-0.313355
0.808845
-0.894156
-0.185581
0.388959
-0.413302
0.629250
0.369340
-1.537718
0.290884
-0.150009
-0.480032
0.679421
-0.612720
0.993325
0.873458
-0.682067
-0.393139
0.367908
1.274367
1.216994
0.480430
1.114079
1.420401
0.507235
1.384751
1.242882
-2.037886
-0.160900
-0.498894
0.101515
1.631809
0.689098
0.113998
0.830739
1.304317
-1.086922
-0.351149
-0.302043
-0.969501
-1.392905
-1.139579
0.808474
0.817540
0.603887
-1.186326
-0.773717
-1.798985
-0.568339
-0.017240
0.291365
0.663565
-1.784839
-1.187514
1.184804
0.268065
-0.765353
-0.343264
-1.221303
0.391912
-0.709274
0.353537
0.299534
-1.397634
0.150540
1.651018
0.824761
-1.364854
1.050239
0.361416
-1.521338
0.115282
1.835491
0.045248
0.202744
-0.750346
0.146871
1.513171
-1.440006
-0.547385
1.528203
1.545213
-1.411988
-0.724962
-0.022912
-0.761816
2.051743
-0.259623
-0.438108
-0.202162
-0.617109
-0.181530
1.165397
-1.538316
0.933806
1.484616
0.320193
-1.531453
-1.415920
-1.229561
-0.818196
1.057744
-0.269004
1.447844
1.159217
0.448265
-1.640923
-0.350938
0.146458
-0.290961
1.570712
-0.038044
0.423121
-0.343306
-0.663684
-0.745338
0.922282
0.855746
1.713021
0.670383
-1.870850
0.919668
-1.344382
-1.295668
-1.470546
1.733738
0.111149
-1.162623
-1.225808
-0.405050
1.200080
0.914099
1.015331
0.845251
0.615430
-0.433283
0.181660
-0.092702
0.305479
0.744729
1.151324
-1.838354
1.133871
-0.780891
-1.293760
-0.390428
1.245554
0.409421
0.012810
0.537893
0.632606
0.919792
0.598348
0.096283
0.203538
0.979294
0.046944
1.603854
1.279374
-0.767965
0.070232
-1.465958
1.939677
0.314803
-0.957144
-0.969408
0.821550
0.004370
-0.200375
-0.210127
0.690950
-1.627980
-1.208713
0.218614
-1.578786
-1.702561
-0.012365
-0.508556
-1.007321
-1.475814
0.282645
-1.331790
0.286045
0.830096
0.835690
-0.628430
0.471058
-1.432850
-0.594294
-1.277507
-0.935630
-0.679053
0.423641
1.467634
-0.357262
1.062720
0.377961
-0.660026
1.155251
0.689376
-1.371559
0.538995
0.282710
0.830224
0.823153
-0.617929
-0.353878
-0.096194
-0.828570
1.547269
-0.483028
1.355213
1.301918
-1.536677
-0.054154
1.029799
-0.237195
0.342636
0.918557
0.795112
1.343708
0.328257
-0.847569
-0.351399
-0.761607
0.857839
1.317892
-1.298305
-0.897469
1.572268
-0.380659
0.642722
1.068137
-0.629720
-0.700883
-1.567449
-0.457624
-0.589168
-0.963591
0.554933
-1.802129
1.041611
-0.555256
1.203490
0.545442
0.351638
0.556041
-0.178233
-1.078172
0.757928
-0.658939
0.462938
1.382983
-0.885693
0.208476
-1.159624
1.217952
-1.392006
0.785213
0.319024
-0.289375
-1.014006
0.133606
-2.166818
0.737175
1.258730
0.676312
1.202148
0.941264
-1.531636
-1.419430
-1.437140
-0.648324
-0.515840
1.324593
-0.905234
0.392420
-0.757478
-1.000490
1.065674
1.617104
0.743544
1.595073
0.151179
0.308175
-1.227647
-0.761898
0.899803
0.925584
-0.810866
-1.375971
0.602606
0.530873
0.069257
-0.721289
0.048835
-1.435305
0.527069
-0.493821
1.436094
-0.521793
-0.542743
0.674732
0.660957
-1.358215
0.930966
0.040780
-0.920200
1.236682
1.175217
-1.305224
-0.112541
-0.771123
-0.190053
-0.175822
-1.611323
-1.779164
-1.040279
-0.145026
1.370590
-0.989048
-0.978536
-0.393602
0.703685
0.125310
-1.713933
-0.546311
1.520936
-1.706514
-0.686546
-0.926093
-0.835829
1.771676
0.058832
1.040476
0.435639
-1.565555
1.222483
0.603677
-0.979473
1.423032
-0.573215
-0.028281
1.292483
-0.096413
1.167752
1.667352
-0.310501
0.484781
-0.856430
0.614939
-0.524930
0.825964
0.504552
1.845567
0.055932
1.569079
-2.007024
-0.171017
-0.612886
-0.925135
0.167526
-1.655710
-0.148059
-0.860241
-0.179105
0.521180
0.467455
1.370465
0.654650
-1.378897
0.717608
0.823816
-0.604463
1.081235
-2.379154
0.770725
1.915393
-1.278657
-0.502410
1.785815
-0.752674
-0.337167
0.747086
1.290416
-0.905915
-0.728011
1.212908
1.723570
-0.726604
0.861242
0.145636
1.187437
1.030149
-1.225631
1.372015
1.392235
-0.866373
-0.876062
1.371190
0.423854
1.369145
-0.691581
-1.241234
-0.259011
0.077149
0.579185
0.290310
0.612056
-0.889711
-0.444498
0.125000
-1.028380
0.459641
1.374350
1.807334
0.121913
0.257506
1.152382
-1.180909
-1.350700
-1.212532
0.724093
-0.801680
-1.709297
0.689928
0.531599
1.012007
-0.950676
-0.333728
-0.186428
-0.994735
-1.238566
0.918457
-0.188056
-1.377022
1.778136
-0.485542
-0.749745
-0.800314
-1.158644
0.018570
1.129030
1.317995
1.776774
0.323394
-1.179557
-2.396513
-1.042526
-0.440428
0.422836
-0.635900
-0.713216
0.276572
-1.450684
-1.142725
0.045462
1.344979
1.366249
0.542470
-0.968807
-0.850401
-0.344983
-1.165075
-1.309568
-1.280142
1.107011
-0.106978
-0.856985
-1.708197
-0.725251
-1.076514
0.867091
-1.698511
-1.760763
-2.023668
-0.846695
1.042782
-0.207253
-0.300127
-0.883251
-1.755577
1.363517
0.199231
-0.334269
-0.562405
1.497485
0.312933
-0.014748
-1.488891
-1.587153
0.901527
1.481444
0.696940
-0.682986
-1.021976
-0.327003
-0.250029
0.382624
0.645449
-0.098969
1.279101
-1.371782
1.350757
-0.896807
-0.506894
-1.724004
-2.158043
0.621721
0.831231
-1.082352
-0.612777
1.330731
-0.059948
1.187795
-0.255382
-1.380838
-1.906400
1.031944
1.177228
1.919271
1.416669
0.094781
1.126761
-1.572059
0.501952
-0.605401
1.298168
-0.674687
-0.919076
-0.741431
0.535068
-0.868022
-0.710488
-0.083440
-1.526952
-0.983949
1.266541
-1.170062
-1.152199
-0.602119
-1.327153
-0.853182
-1.545315
-0.910438
1.843873
0.704259
-0.163179
-0.812634
-1.033728
-1.315121
0.889156
1.160063
-0.049800
0.364883
-1.215459
1.479369
-0.410061
-0.834257
-0.107076
0.336033
0.289156
0.880533
1.854922
-0.457143
0.729968
-0.177428
-0.746841
0.132701
-0.256944
0.765418
1.450542
-1.608807
1.943433
-0.010762
-1.136851
-0.126679
1.187326
1.430751
1.208312
-1.506601
-0.824834
1.748191
0.859404
0.644749
-0.139643
0.001585
0.204445
1.413076
0.871314
-1.117195
-1.185195
0.880605
-0.713219
-1.363634
-1.517124
-1.447602
1.305042
-1.103359
0.108549
1.686688
1.442101
-0.559695
-1.328782
1.533624
1.227970
-1.428547
0.030553
1.762446
1.496705
0.641553
-1.729147
0.668762
-1.156653
-1.273156
1.263500
0.591314
1.269190
0.244596
1.275492
0.425469
1.174024
-0.614672
-0.869072
-2.087615
-1.547592
-0.885950
1.595330
-1.438719
-0.923697
0.664893
2.051126
1.796058
1.203114
-0.178421
-1.195852
-1.648615
-1.476186
-1.304350
-1.745417
-0.654112
-0.830119
0.504496
0.753010
-0.229477
-0.813022
2.256408
-0.604650
-0.866219
-1.340485
1.438793
-0.023286
-1.617273
0.805456
-0.074030
-1.743420
1.490148
0.512416
-0.766607
-0.368543
-0.064473
0.437767
-0.129960
-0.637502
0.631512
1.175191
1.305141
-0.430757
0.476560
-0.782775
-0.735910
-0.370046
-0.364840
-0.005716
-1.442158
-0.585465
1.092965
1.964520
-0.108210
-0.545257
0.897103
-0.501785
-1.365932
0.281245
-0.750174
-0.900466
1.094638
-0.915362
-0.762588
-0.890829
1.506593
1.356026
1.752679
0.041643
-1.374284
-0.067670
-0.718481
0.460038
-1.428569
0.110558
-1.296386
-1.209467
-1.382722
0.317606
-0.857716
-0.716312
0.528001
0.125665
0.966640
0.484620
0.686277
0.753492
1.025423
0.941713
0.317210
-0.843888
-1.666997
-1.480101
-1.653836
1.431028
-0.814379
0.098731
-0.156382
0.149423
-0.529069
1.060904
-1.463425
0.675508
-0.372171
-1.346334
1.604214
-0.718621
-1.652367
-0.272955
-0.093340
-1.596597
-1.713613
-0.396644
-0.130877
-0.193492
-1.340107
-0.930116
-1.735856
0.834212
-0.998146
1.509435
-1.382014
0.308590
-0.003197
-0.469413
-0.382836
1.535882
1.791476
-1.175671
1.474987
0.659036
0.034965
-1.233095
0.917726
-1.856055
1.318958
-0.324949
-1.002699
-0.603791
1.372639
0.816648
1.895663
1.353225
-0.583278
-0.801191
-0.654579
-0.135579
-1.035979
-0.939152
-0.999643
-0.814954
0.669467
0.407168
1.218595
0.454816
-0.027449
1.150561
-0.964002
-0.694131
-1.270616
-1.262312
0.418931
-0.492447
1.015518
-0.862342
0.711628
0.523527
-1.606229
1.412331
-1.083173
0.500514
-0.071939
0.311996
-1.279882
-0.184704
1.171329
0.767140
1.663254
0.350969
-0.374529
0.888812
-1.488888
1.746473
1.257934
1.533596
-1.190914
0.329762
0.607132
-0.367831
0.087270
0.345796
0.864807
-1.245878
-0.518715
-1.289422
1.416550
-0.949404
0.228729
-1.212988
-1.375294
1.170917
1.073752
1.053547
1.759803
0.060929
-0.520902
-0.938215
1.750520
0.132985
-1.105487
-1.582688
-1.061220
1.230592
-1.279677
0.714687
0.686246
-0.820938
-0.463874
1.607625
-0.980455
-1.668891
-0.984909
0.949394
-1.199732
-1.020985
1.048185
0.899965
0.167287
-0.138391
-0.494709
1.363289
1.221122
-1.123252
-0.702796
1.534238
-0.389970
-0.836840
-1.710067
1.210890
-0.894613
-0.139266
-0.009483
1.182481
0.930046
-1.405634
0.076220
0.910369
-0.163297
1.278503
0.932569
1.835181
-0.029137
-1.000816
0.073416
-1.152253
-1.516192
0.596127
1.394730
0.993699
-1.013957
0.780540
-1.476506
0.456876
1.387990
-0.167814
-0.431951
-0.847745
0.050929
-0.603569
1.040533
1.288985
-0.925601
-1.254201
-0.457669
1.100362
-1.709055
-1.452204
-0.947401
0.776204
1.604821
-0.332073
-0.175205
-0.034970
1.276244
1.032431
0.480804
0.225759
1.345559
0.281980
0.123984
1.208759
-0.841466
-0.180062
0.876165
0.660739
0.917047
1.053444
0.310402
0.937316
0.899404
-0.339131
1.258203
-1.705328
-0.721491
-0.293151
-0.945400
-1.383929
0.377689
1.468039
1.485853
1.477051
1.261092
1.229429
-2.042629
1.805051
1.313263
-1.033571
1.489469
0.006759
-1.014404
0.494270
0.909757
